10 2 1234.125
10 2 -1234.125
10 2 -30232.23109483283129759832175323412
10 2 30232.23109483283129759832175323412
2 10 11000000000011011101100001100000111011001010010000011111101101010010001111011001101110110111001101001101011100101100111111010001
2 10 01000000000011011101100001100000111011001010010000011111101101010010001111011001101110110111001101001101011100101100111111010001
10 2 -100.375
10 2 90.2324234324
2 10 01000000000001011001000110000000000000000000000000000000000000000000000000000000000000000000000000000000000000000000000000000000
2 10 11000000000001011001000110000000000000000000000000000000000000000000000000000000000000000000000000000000000000000000000000000000
2 10 01000000000001010110100011101110000000000110100010000011111011011010001011101010101011010000010111010010101111111110010101100101
2 10 11000000000001010110100011101110000000000110100010000011111011011010001011101010101011010000010111010010101111111110010101100101
10 2 100.375
10 2 -90.2324234324
2 10 11000000000000010101000000000000000000000000000000000000000000000000000000000000000000000000000000000000000000000000000000000000
2 10 01000000000000010101000000000000000000000000000000000000000000000000000000000000000000000000000000000000000000000000000000000000
10 2 -5.25
10 2 5.25
2 10 01000000000010010011010010001000000000000000000000000000000000000000000000000000000000000000000000000000000000000000000000000000
2 10 11000000000010010011010010001000000000000000000000000000000000000000000000000000000000000000000000000000000000000000000000000000