01000000000010010011010010001000000000000000000000000000000000000000000000000000000000000000000000000000000000000000000000000000
11000000000010010011010010001000000000000000000000000000000000000000000000000000000000000000000000000000000000000000000000000000
11000000000011011101100001100000111011001010010000011111101101010010001111011001101110110111001101001101011100101100111111010001
01000000000011011101100001100000111011001010010000011111101101010010001111011001101110110111001101001101011100101100111111010001
-30232.23109483283129759832175323411762772452262138424964170468380031397970242323935963213443756103515625
30232.23109483283129759832175323411762772452262138424964170468380031397970242323935963213443756103515625
11000000000001011001000110000000000000000000000000000000000000000000000000000000000000000000000000000000000000000000000000000000
01000000000001010110100011101110000000000110100010000011111011011010001011101010101011010000010111010010101111111110010101100101
100.375
-100.375
90.2324234324000000000000000000000047902928448160039769899557862459400781052210049892892129719257354736328125
-90.2324234324000000000000000000000047902928448160039769899557862459400781052210049892892129719257354736328125
01000000000001011001000110000000000000000000000000000000000000000000000000000000000000000000000000000000000000000000000000000000
11000000000001010110100011101110000000000110100010000011111011011010001011101010101011010000010111010010101111111110010101100101
-5.25
5.25
11000000000000010101000000000000000000000000000000000000000000000000000000000000000000000000000000000000000000000000000000000000
01000000000000010101000000000000000000000000000000000000000000000000000000000000000000000000000000000000000000000000000000000000
1234.125
-1234.125
