438207
1026524559886242072745981850
0000000003511F07E59C8425AFE3B79A
00000000000000000000000032477489
00000000000000000000000000000000000000000000000000000000000000000000000000000000000000000000000000000000000000111010011110000101
00000000000000000000000000000000000000000000000000000000000000000111101000001000000000000000101000111011001010010010000000000111
88F83F2CE4212D7F1DBCD1A1DFE574B7
000000000000000000000000F07E59C9
11000001111110010110011100100001000010010110101111111000111011011110011010010010000111011111111001010111010010110111001101011000
111100000010010110001000100110
44147145552649372632982204165411895770
9313428
C1F96721096BF8EDED1A1DFE574B7358
1166B
1111111000111011011110011010001100110101111100100110001111010101110000011000100110110000011100101000111111110101000101010001100
11111111111111111111111111111111111111111111111111111111111111111111111111111111111111111111110010111100101000111110110010110001
168966300000000000000000000000000000000
-62653697918110646582330614818058840773
